[61, 39, 0, 0, 0, 3, 2, 3, 165, 63, 0, 0, 0, 0, 3, 19, 18, 3, 0, 0, 1, 2, 50, 53, 0, 1, 1, 0, 0, 1, 75, 78, 73, 6, 0, 0, 7, 14, 5, 8, 180, 17, 0, 0, 1, 1, 15, 135, 42, 2, 0, 0, 0, 0, 116, 161, 0, 0, 0, 0, 2, 6, 76, 51, 59, 8, 0, 2, 31, 6, 1, 7, 180, 57, 0, 1, 4, 1, 1, 19, 108, 21, 2, 1, 0, 0, 4, 16, 2, 2, 1, 1, 3, 3, 3, 3, 39, 1, 0, 0, 34, 17, 3, 7, 180, 15, 0, 0, 4, 1, 0, 14, 113, 6, 0, 0, 0, 0, 0, 12, 2, 0, 0, 3, 4, 1, 1, 4;
  48, 1, 0, 0, 1, 6, 9, 11, 195, 9, 0, 0, 0, 0, 0, 42, 132, 21, 0, 0, 0, 0, 0, 12, 2, 2, 2, 1, 0, 0, 0, 1, 76, 1, 1, 1, 13, 22, 4, 9, 195, 9, 0, 0, 0, 0, 0, 47, 139, 7, 1, 0, 0, 0, 0, 26, 3, 2, 3, 1, 0, 0, 0, 1, 65, 1, 0, 0, 36, 43, 4, 15, 195, 41, 0, 0, 0, 0, 1, 36, 144, 28, 0, 0, 0, 0, 1, 8, 2, 1, 1, 0, 0, 1, 3, 2, 48, 4, 0, 0, 54, 52, 1, 5, 195, 45, 0, 0, 1, 2, 0, 30, 124, 23, 0, 0, 0, 0, 0, 5, 3, 4, 1, 0, 0, 0, 0, 0;
  28, 1, 10, 92, 42, 0, 0, 36, 2, 66, 106, 61, 9, 0, 1, 1, 20, 130, 80, 2, 0, 0, 0, 3, 14, 29, 4, 1, 0, 2, 3, 3, 7, 0, 1, 41, 110, 70, 16, 9, 24, 25, 50, 74, 101, 116, 18, 4, 131, 101, 45, 11, 8, 12, 7, 69, 64, 17, 1, 0, 0, 2, 5, 48, 1, 0, 0, 0, 13, 71, 66, 11, 10, 1, 0, 1, 23, 131, 131, 22, 131, 6, 0, 0, 4, 53, 131, 131, 31, 1, 0, 0, 1, 5, 16, 45, 3, 0, 0, 0, 0, 2, 7, 27, 3, 0, 0, 0, 0, 22, 42, 28, 3, 0, 0, 11, 11, 9, 59, 41, 1, 2, 1, 5, 8, 8, 11, 4;
  6, 13, 15, 4, 0, 0, 0, 0, 7, 24, 50, 21, 0, 0, 0, 1, 13, 61, 39, 4, 0, 1, 11, 13, 1, 5, 17, 2, 0, 1, 20, 9, 1, 4, 48, 71, 49, 3, 0, 0, 16, 42, 137, 137, 21, 3, 1, 5, 137, 137, 101, 44, 1, 0, 0, 10, 35, 36, 25, 1, 0, 0, 0, 0, 0, 0, 8, 31, 137, 55, 0, 0, 28, 5, 20, 98, 107, 102, 62, 50, 137, 64, 6, 9, 1, 2, 21, 91, 60, 50, 20, 1, 0, 0, 0, 1, 4, 14, 15, 6, 54, 27, 12, 8, 2, 0, 2, 1, 34, 73, 112, 27, 60, 9, 12, 5, 0, 1, 67, 109, 32, 13, 37, 12, 0, 0, 5, 34;
  0, 35, 141, 1, 0, 10, 16, 2, 2, 45, 141, 0, 0, 4, 29, 13, 7, 51, 30, 2, 3, 33, 26, 4, 11, 3, 1, 1, 1, 17, 39, 20, 3, 48, 141, 2, 1, 12, 44, 7, 30, 109, 141, 4, 3, 12, 23, 14, 141, 141, 45, 0, 0, 3, 6, 19, 31, 6, 0, 0, 0, 4, 14, 14, 1, 1, 1, 0, 0, 51, 141, 8, 22, 5, 3, 1, 2, 49, 141, 65, 141, 15, 3, 0, 0, 3, 58, 141, 30, 9, 12, 0, 0, 0, 0, 11, 0, 3, 9, 0, 0, 12, 65, 0, 0, 1, 9, 2, 0, 8, 92, 15, 7, 10, 9, 0, 0, 1, 21, 29, 2, 10, 22, 1, 1, 2, 1, 2;
  12, 9, 5, 5, 1, 0, 0, 2, 8, 8, 37, 11, 1, 1, 1, 2, 0, 10, 40, 8, 14, 2, 0, 0, 3, 4, 6, 16, 50, 10, 2, 3, 9, 7, 7, 33, 34, 0, 0, 2, 7, 22, 149, 149, 79, 3, 0, 1, 120, 149, 149, 28, 7, 1, 0, 3, 34, 20, 7, 13, 34, 10, 2, 5, 9, 1, 0, 13, 118, 2, 0, 3, 20, 6, 12, 55, 149, 45, 6, 11, 149, 33, 11, 8, 16, 14, 6, 44, 81, 6, 1, 12, 49, 13, 2, 8, 7, 1, 0, 4, 103, 2, 0, 1, 20, 2, 1, 15, 149, 13, 2, 5, 149, 4, 1, 3, 11, 4, 2, 28, 55, 3, 1, 11, 26, 11, 2, 7;
  9, 5, 4, 6, 5, 6, 122, 35, 150, 2, 0, 0, 0, 0, 28, 150, 79, 0, 0, 6, 1, 0, 8, 59, 3, 3, 12, 23, 1, 0, 2, 7, 49, 37, 13, 28, 32, 2, 2, 3, 150, 57, 10, 1, 0, 0, 0, 38, 78, 13, 43, 62, 6, 0, 0, 12, 23, 15, 25, 60, 8, 0, 0, 1, 34, 47, 13, 8, 10, 1, 0, 3, 119, 150, 131, 1, 0, 0, 0, 2, 12, 61, 150, 41, 0, 0, 0, 0, 11, 93, 150, 19, 1, 0, 0, 0, 6, 61, 11, 0, 0, 0, 0, 0, 1, 46, 55, 0, 0, 0, 0, 0, 1, 31, 79, 0, 0, 0, 0, 0, 0, 28, 73, 1, 0, 0, 0, 0;
  16, 0, 0, 0, 0, 0, 3, 62, 17, 12, 18, 1, 0, 2, 32, 42, 14, 21, 32, 2, 7, 4, 49, 45, 2, 2, 2, 3, 112, 78, 22, 3, 64, 0, 0, 0, 0, 0, 1, 39, 139, 2, 0, 0, 0, 1, 116, 158, 11, 2, 0, 0, 0, 8, 158, 71, 0, 0, 0, 0, 13, 124, 158, 1, 81, 1, 0, 0, 0, 0, 0, 23, 158, 65, 0, 0, 0, 0, 10, 40, 47, 76, 11, 0, 0, 3, 66, 15, 0, 11, 4, 0, 5, 33, 57, 0, 59, 2, 0, 0, 0, 0, 0, 11, 158, 25, 0, 0, 0, 0, 5, 61, 34, 56, 12, 0, 0, 0, 26, 24, 12, 29, 3, 0, 0, 3, 5, 7;
  7, 7, 2, 21, 73, 0, 0, 0, 11, 0, 0, 24, 157, 1, 0, 3, 157, 3, 0, 3, 37, 1, 0, 41, 60, 1, 1, 5, 17, 2, 0, 11, 9, 12, 3, 45, 77, 0, 0, 0, 23, 5, 1, 80, 157, 0, 0, 1, 157, 30, 1, 12, 29, 0, 0, 5, 71, 11, 0, 8, 24, 1, 0, 1, 12, 12, 3, 37, 90, 0, 0, 0, 30, 1, 0, 41, 157, 1, 1, 5, 157, 8, 0, 3, 24, 1, 1, 21, 68, 9, 1, 7, 15, 1, 0, 1, 7, 15, 5, 31, 61, 0, 0, 0, 31, 0, 0, 28, 157, 0, 0, 2, 157, 11, 0, 1, 12, 0, 0, 9, 40, 11, 3, 5, 3, 0, 0, 0;
  1, 0, 0, 0, 60, 30, 2, 3, 33, 3, 0, 0, 153, 39, 0, 0, 153, 11, 0, 0, 9, 1, 0, 6, 47, 0, 0, 0, 10, 26, 6, 15, 11, 2, 0, 0, 70, 23, 1, 4, 32, 5, 0, 2, 153, 43, 0, 1, 153, 18, 0, 1, 20, 2, 0, 8, 95, 1, 0, 0, 10, 18, 3, 18, 27, 2, 0, 0, 46, 21, 1, 6, 23, 1, 0, 0, 153, 88, 0, 6, 153, 8, 0, 0, 29, 12, 0, 26, 111, 2, 0, 0, 4, 10, 3, 24, 21, 6, 0, 1, 28, 4, 1, 3, 12, 3, 0, 5, 153, 20, 0, 1, 153, 27, 0, 2, 41, 3, 0, 2, 120, 8, 0, 0, 2, 3, 1, 7;
  8, 2, 1, 4, 7, 2, 4, 27, 32, 1, 0, 2, 10, 6, 16, 62, 176, 1, 0, 1, 2, 1, 3, 138, 65, 0, 0, 0, 0, 1, 11, 44, 29, 0, 0, 2, 5, 1, 4, 77, 78, 6, 1, 23, 64, 5, 4, 40, 176, 32, 0, 4, 6, 0, 0, 31, 82, 5, 0, 0, 1, 4, 5, 9, 46, 1, 1, 10, 10, 1, 1, 40, 50, 1, 1, 21, 48, 6, 12, 71, 176, 10, 0, 0, 2, 1, 2, 115, 94, 2, 0, 0, 0, 3, 2, 13, 20, 2, 0, 1, 2, 2, 4, 19, 56, 1, 0, 1, 3, 2, 10, 102, 176, 0, 0, 0, 0, 0, 0, 161, 34, 0, 0, 0, 0, 1, 2, 20;
  0, 0, 0, 0, 135, 21, 0, 1, 74, 12, 0, 4, 134, 13, 0, 0, 149, 37, 0, 0, 4, 3, 1, 2, 29, 4, 0, 0, 8, 14, 12, 5, 0, 0, 0, 0, 135, 44, 2, 2, 64, 9, 0, 1, 149, 74, 19, 8, 149, 38, 1, 0, 4, 4, 11, 33, 46, 3, 9, 3, 0, 4, 28, 14, 4, 0, 0, 0, 29, 46, 20, 11, 15, 1, 0, 0, 32, 126, 149, 52, 149, 7, 4, 1, 1, 7, 118, 149, 23, 5, 33, 10, 0, 1, 20, 8, 19, 0, 0, 0, 0, 0, 3, 18, 30, 0, 0, 0, 0, 3, 30, 34, 16, 0, 0, 0, 0, 1, 31, 36, 1, 1, 1, 1, 1, 2, 32, 8;
  78, 31, 0, 0, 0, 0, 0, 2, 200, 70, 0, 0, 0, 0, 0, 13, 82, 7, 0, 0, 0, 0, 11, 23, 0, 0, 0, 0, 0, 1, 19, 10, 106, 18, 0, 0, 1, 1, 0, 10, 200, 32, 0, 0, 0, 0, 0, 71, 111, 4, 1, 0, 0, 0, 4, 37, 0, 0, 1, 0, 0, 0, 8, 5, 99, 12, 0, 0, 7, 17, 0, 15, 200, 44, 1, 0, 0, 0, 0, 46, 100, 20, 21, 7, 0, 0, 2, 11, 3, 8, 16, 4, 0, 0, 3, 4, 92, 4, 0, 0, 25, 72, 2, 9, 200, 12, 0, 0, 0, 1, 1, 72, 44, 10, 6, 1, 0, 0, 10, 47, 2, 1, 2, 1, 1, 2, 9, 8;
  98, 8, 0, 0, 0, 3, 0, 12, 196, 36, 0, 0, 0, 0, 0, 25, 77, 33, 14, 4, 0, 0, 1, 8, 1, 2, 12, 6, 0, 0, 5, 10, 120, 15, 0, 0, 7, 45, 3, 5, 196, 28, 0, 0, 0, 0, 0, 44, 83, 11, 2, 0, 0, 0, 5, 72, 0, 0, 1, 0, 0, 1, 9, 16, 79, 2, 0, 0, 37, 112, 5, 9, 196, 18, 0, 0, 1, 4, 1, 13, 117, 10, 1, 0, 0, 0, 0, 9, 1, 1, 1, 0, 0, 0, 0, 1, 31, 0, 0, 0, 45, 85, 3, 6, 196, 35, 0, 0, 4, 13, 2, 8, 102, 22, 0, 0, 0, 0, 0, 0, 1, 3, 1, 0, 0, 0, 0, 0;
  8, 3, 0, 2, 31, 7, 1, 2, 41, 36, 5, 14, 118, 14, 0, 0, 154, 125, 2, 1, 4, 0, 0, 0, 29, 19, 1, 2, 1, 0, 0, 0, 20, 7, 0, 0, 33, 5, 0, 0, 41, 16, 1, 5, 154, 20, 0, 1, 154, 64, 1, 2, 17, 1, 0, 14, 80, 11, 1, 2, 0, 0, 0, 5, 25, 5, 0, 1, 24, 2, 0, 3, 44, 5, 0, 2, 154, 25, 0, 5, 154, 43, 0, 1, 27, 5, 0, 32, 64, 17, 5, 2, 0, 0, 0, 6, 13, 3, 0, 1, 15, 1, 0, 4, 12, 12, 1, 10, 154, 5, 0, 0, 154, 154, 3, 8, 37, 1, 0, 0, 56, 77, 3, 0, 0, 0, 0, 0;
  44, 23, 0, 0, 0, 1, 0, 2, 17, 4, 0, 0, 3, 26, 37, 17, 2, 0, 1, 3, 1, 29, 34, 8, 3, 1, 2, 7, 2, 8, 4, 1, 97, 18, 0, 0, 2, 1, 0, 10, 136, 4, 0, 0, 6, 39, 80, 121, 8, 0, 0, 2, 97, 136, 79, 16, 6, 1, 0, 11, 40, 24, 7, 2, 133, 9, 0, 0, 4, 6, 0, 3, 136, 53, 2, 8, 20, 8, 4, 19, 26, 13, 2, 27, 136, 70, 23, 6, 1, 0, 0, 5, 57, 25, 105, 43, 62, 20, 0, 0, 5, 45, 2, 1, 136, 135, 1, 2, 4, 2, 1, 1, 61, 44, 1, 5, 38, 45, 97, 22, 1, 0, 0, 0, 7, 27, 136, 58;
  5, 37, 95, 5, 1, 0, 1, 3, 2, 55, 130, 11, 0, 0, 1, 2, 0, 13, 112, 81, 11, 0, 0, 0, 0, 0, 4, 45, 73, 0, 0, 0, 15, 18, 17, 16, 9, 1, 0, 1, 12, 37, 102, 130, 73, 0, 0, 0, 105, 124, 106, 36, 11, 0, 0, 2, 12, 8, 3, 16, 76, 1, 0, 0, 10, 2, 3, 16, 36, 4, 1, 7, 60, 6, 7, 97, 130, 6, 1, 7, 130, 21, 5, 16, 27, 1, 1, 35, 27, 1, 1, 20, 65, 1, 0, 2, 6, 0, 0, 6, 28, 20, 4, 9, 27, 0, 0, 14, 114, 96, 85, 46, 124, 0, 0, 4, 15, 11, 46, 112, 7, 0, 0, 17, 53, 7, 5, 4;
  39, 22, 11, 15, 24, 1, 0, 0, 26, 34, 77, 115, 131, 10, 0, 1, 120, 96, 49, 15, 9, 1, 0, 2, 12, 10, 2, 6, 15, 2, 0, 2, 71, 5, 0, 1, 44, 9, 0, 5, 59, 5, 1, 7, 131, 88, 6, 7, 131, 24, 1, 1, 26, 14, 7, 30, 21, 4, 1, 4, 13, 10, 5, 9, 74, 18, 0, 0, 12, 8, 1, 2, 19, 1, 0, 0, 90, 131, 92, 33, 91, 1, 0, 0, 8, 36, 120, 131, 12, 1, 0, 0, 5, 21, 41, 24, 73, 11, 0, 0, 0, 1, 1, 5, 42, 3, 0, 0, 0, 7, 44, 87, 1, 0, 1, 3, 1, 12, 131, 60, 0, 0, 3, 15, 4, 13, 121, 18;
  0, 2, 3, 2, 16, 2, 0, 0, 93, 9, 0, 0, 68, 10, 0, 0, 165, 40, 0, 0, 2, 1, 0, 0, 44, 4, 0, 0, 27, 4, 0, 0, 1, 3, 2, 1, 10, 3, 5, 3, 84, 7, 0, 1, 74, 21, 14, 12, 165, 35, 0, 0, 4, 2, 3, 25, 69, 6, 0, 3, 36, 1, 0, 1, 0, 0, 0, 0, 1, 3, 163, 60, 19, 0, 0, 0, 9, 27, 165, 96, 165, 4, 0, 0, 1, 2, 75, 165, 42, 3, 1, 9, 36, 0, 0, 11, 2, 1, 0, 0, 0, 0, 113, 54, 2, 2, 1, 0, 0, 0, 119, 45, 9, 1, 0, 0, 0, 0, 36, 57, 3, 1, 0, 3, 15, 8, 27, 12;
  3, 3, 19, 140, 124, 0, 0, 1, 34, 62, 45, 17, 2, 0, 4, 25, 23, 85, 30, 2, 0, 2, 21, 23, 1, 7, 30, 17, 10, 14, 31, 14, 41, 7, 3, 91, 141, 0, 0, 4, 141, 9, 1, 4, 2, 0, 28, 141, 19, 7, 3, 0, 0, 0, 141, 115, 0, 2, 5, 1, 0, 0, 117, 51, 73, 5, 0, 60, 130, 0, 0, 2, 141, 20, 0, 1, 1, 0, 2, 23, 69, 6, 8, 2, 0, 1, 16, 22, 1, 4, 12, 3, 0, 0, 8, 5, 50, 8, 0, 20, 55, 0, 0, 2, 141, 30, 0, 0, 0, 0, 0, 1, 71, 6, 4, 5, 3, 2, 1, 2, 1, 1, 10, 29, 10, 0, 0, 1;
  0, 0, 0, 84, 121, 3, 0, 0, 68, 1, 0, 3, 66, 9, 0, 4, 193, 3, 0, 0, 2, 1, 0, 12, 46, 1, 0, 0, 45, 2, 0, 2, 0, 0, 0, 24, 87, 3, 0, 0, 83, 7, 1, 7, 84, 6, 0, 2, 193, 10, 0, 1, 3, 1, 0, 22, 45, 0, 0, 1, 59, 1, 0, 8, 0, 0, 0, 4, 78, 6, 0, 0, 92, 3, 0, 9, 98, 3, 0, 3, 193, 4, 0, 1, 5, 1, 0, 14, 42, 0, 0, 1, 61, 6, 1, 3, 0, 0, 0, 4, 50, 4, 0, 0, 81, 1, 0, 2, 88, 6, 0, 2, 193, 2, 0, 0, 4, 0, 0, 6, 33, 1, 1, 1, 47, 3, 0, 0;
  0, 1, 3, 4, 2, 1, 0, 0, 17, 6, 7, 8, 3, 0, 0, 2, 209, 10, 3, 1, 0, 0, 0, 68, 69, 1, 0, 0, 1, 2, 11, 26, 0, 0, 5, 27, 7, 0, 0, 0, 61, 20, 35, 104, 10, 0, 0, 1, 209, 32, 15, 9, 0, 0, 0, 50, 63, 1, 1, 3, 1, 1, 2, 12, 0, 0, 0, 31, 54, 13, 1, 0, 124, 6, 4, 79, 58, 15, 6, 10, 209, 10, 2, 3, 0, 0, 1, 28, 48, 2, 2, 22, 8, 0, 0, 2, 1, 0, 1, 6, 24, 27, 5, 3, 58, 1, 0, 3, 24, 45, 58, 41, 209, 26, 0, 1, 1, 0, 9, 43, 37, 7, 0, 36, 32, 1, 1, 0;
  2, 0, 0, 0, 52, 24, 3, 8, 88, 14, 0, 0, 157, 50, 0, 0, 157, 42, 0, 0, 7, 1, 0, 3, 53, 3, 0, 0, 0, 0, 4, 11, 4, 0, 0, 0, 46, 23, 2, 13, 69, 10, 0, 0, 157, 98, 6, 7, 157, 41, 0, 0, 18, 11, 6, 37, 63, 4, 2, 1, 0, 0, 9, 28, 9, 0, 0, 0, 10, 16, 5, 19, 16, 0, 0, 0, 62, 143, 116, 55, 157, 4, 0, 0, 4, 21, 95, 157, 36, 4, 7, 4, 0, 0, 21, 28, 19, 0, 0, 0, 0, 0, 1, 19, 56, 0, 0, 0, 0, 4, 29, 49, 38, 0, 0, 0, 0, 1, 31, 79, 6, 1, 0, 0, 1, 2, 17, 20;
  27, 24, 25, 38, 13, 1, 0, 0, 52, 39, 14, 15, 8, 1, 0, 1, 160, 38, 1, 0, 0, 0, 3, 50, 39, 0, 0, 0, 0, 0, 58, 65, 67, 6, 0, 2, 24, 22, 9, 39, 91, 13, 1, 3, 36, 67, 14, 24, 160, 40, 1, 0, 3, 5, 1, 32, 82, 44, 19, 0, 0, 1, 21, 23, 81, 0, 0, 0, 33, 71, 19, 101, 73, 0, 0, 0, 77, 145, 22, 63, 160, 26, 0, 0, 8, 20, 6, 44, 65, 48, 15, 1, 0, 0, 0, 1, 45, 0, 0, 2, 39, 70, 23, 54, 32, 0, 0, 6, 77, 42, 18, 44, 148, 4, 4, 1, 8, 10, 9, 108, 35, 10, 24, 22, 0, 0, 0, 7;
  83, 100, 0, 0, 2, 5, 0, 0, 184, 143, 0, 0, 0, 0, 0, 5, 41, 7, 0, 0, 0, 0, 19, 19, 0, 0, 0, 0, 0, 1, 32, 8, 98, 21, 0, 0, 18, 43, 0, 1, 184, 50, 0, 0, 0, 0, 0, 7, 113, 6, 0, 0, 0, 0, 9, 24, 0, 1, 0, 0, 1, 0, 14, 8, 69, 3, 0, 0, 36, 116, 4, 10, 184, 18, 0, 0, 0, 6, 2, 22, 124, 18, 1, 0, 0, 0, 1, 11, 3, 4, 0, 0, 1, 0, 0, 1, 29, 2, 0, 0, 17, 88, 8, 12, 184, 3, 0, 0, 2, 17, 6, 45, 94, 4, 0, 0, 0, 0, 1, 14, 1, 0, 1, 1, 1, 0, 0, 1;
  103, 10, 0, 0, 25, 71, 1, 4, 193, 32, 0, 0, 0, 1, 0, 7, 77, 13, 1, 0, 0, 0, 3, 9, 1, 2, 0, 1, 2, 1, 3, 2, 77, 3, 0, 0, 31, 155, 10, 18, 193, 11, 0, 0, 1, 14, 6, 48, 103, 9, 1, 0, 0, 0, 1, 20, 2, 1, 1, 2, 1, 0, 0, 1, 47, 3, 0, 0, 11, 75, 10, 18, 193, 39, 0, 0, 2, 21, 8, 35, 102, 27, 1, 1, 0, 0, 0, 3, 0, 1, 2, 3, 2, 0, 0, 0, 14, 1, 0, 0, 5, 21, 10, 23, 193, 67, 0, 0, 4, 13, 2, 4, 111, 50, 1, 0, 0, 0, 0, 0, 0, 3, 3, 3, 1, 0, 0, 0;
  0, 27, 18, 14, 86, 16, 0, 0, 32, 143, 25, 1, 4, 4, 0, 0, 143, 94, 4, 1, 3, 3, 11, 12, 8, 0, 0, 1, 10, 14, 67, 20, 3, 11, 10, 9, 43, 37, 0, 0, 88, 49, 0, 0, 8, 39, 5, 11, 143, 71, 0, 0, 0, 0, 6, 37, 38, 4, 0, 3, 2, 4, 41, 27, 14, 4, 0, 0, 2, 27, 12, 12, 57, 1, 0, 0, 2, 32, 42, 112, 143, 10, 12, 9, 0, 0, 5, 143, 31, 2, 40, 118, 4, 2, 9, 38, 2, 0, 0, 0, 2, 44, 49, 14, 57, 37, 8, 2, 5, 5, 18, 53, 75, 71, 113, 54, 0, 0, 0, 45, 2, 1, 99, 143, 0, 0, 0, 1;
  2, 0, 0, 0, 54, 68, 37, 3, 39, 0, 0, 0, 2, 19, 21, 29, 88, 1, 0, 0, 0, 0, 0, 115, 39, 0, 1, 0, 0, 0, 18, 123, 11, 0, 0, 0, 19, 123, 114, 12, 31, 10, 0, 0, 49, 123, 35, 10, 123, 29, 1, 0, 2, 8, 7, 64, 108, 8, 20, 7, 0, 0, 0, 44, 34, 7, 1, 1, 11, 50, 20, 15, 7, 1, 0, 2, 30, 123, 123, 16, 113, 17, 28, 23, 17, 55, 73, 57, 43, 27, 123, 31, 0, 0, 0, 4, 67, 18, 3, 3, 0, 0, 3, 14, 15, 3, 8, 116, 35, 31, 29, 14, 3, 1, 16, 123, 61, 20, 10, 13, 21, 8, 35, 18, 1, 0, 0, 64;
  0, 4, 22, 13, 13, 25, 2, 0, 0, 0, 22, 42, 49, 117, 1, 0, 3, 6, 27, 14, 24, 97, 48, 7, 0, 19, 36, 0, 0, 24, 100, 4, 0, 18, 126, 46, 1, 1, 0, 0, 10, 15, 126, 126, 10, 5, 0, 2, 126, 69, 49, 28, 6, 15, 43, 37, 41, 12, 9, 5, 1, 46, 126, 26, 0, 4, 126, 27, 0, 0, 0, 0, 57, 10, 55, 74, 3, 0, 0, 55, 126, 28, 6, 5, 1, 0, 0, 126, 41, 23, 41, 26, 4, 3, 2, 7, 3, 6, 38, 11, 0, 0, 0, 6, 119, 37, 10, 3, 0, 0, 2, 44, 126, 53, 20, 11, 0, 0, 0, 46, 4, 4, 60, 76, 5, 0, 0, 3;
  7, 1, 0, 40, 87, 0, 0, 0, 126, 3, 1, 14, 17, 8, 5, 46, 18, 0, 0, 0, 18, 118, 25, 19, 6, 13, 0, 0, 25, 126, 25, 0, 24, 1, 0, 37, 126, 0, 0, 1, 126, 13, 3, 9, 17, 6, 4, 41, 39, 5, 13, 17, 36, 74, 14, 16, 0, 2, 5, 5, 40, 123, 14, 1, 22, 1, 0, 11, 126, 6, 2, 10, 126, 53, 44, 26, 22, 8, 4, 31, 15, 42, 126, 94, 23, 10, 1, 1, 0, 42, 126, 49, 11, 12, 1, 0, 5, 0, 0, 3, 52, 22, 25, 50, 18, 2, 5, 10, 29, 78, 26, 99, 0, 14, 43, 24, 52, 126, 12, 0, 0, 21, 71, 26, 16, 19, 2, 0;
  1, 2, 14, 57, 6, 0, 0, 0, 1, 4, 36, 84, 4, 0, 0, 0, 32, 17, 38, 51, 0, 0, 1, 17, 11, 5, 5, 1, 0, 0, 16, 38, 20, 5, 14, 37, 32, 8, 7, 38, 21, 15, 23, 131, 131, 14, 3, 4, 131, 46, 22, 31, 8, 2, 2, 40, 36, 2, 5, 10, 1, 1, 21, 47, 42, 1, 1, 3, 63, 56, 18, 101, 26, 3, 1, 13, 131, 131, 8, 5, 131, 76, 9, 9, 24, 41, 3, 17, 33, 26, 61, 74, 2, 0, 0, 4, 31, 1, 3, 5, 50, 58, 11, 52, 2, 1, 0, 1, 131, 131, 10, 0, 76, 94, 13, 8, 107, 52, 0, 0, 13, 40, 46, 78, 37, 0, 0, 0;
  47, 7, 0, 0, 69, 21, 0, 1, 169, 24, 0, 0, 0, 0, 0, 31, 99, 12, 2, 2, 2, 3, 1, 13, 0, 0, 1, 1, 2, 8, 2, 1, 72, 3, 0, 0, 130, 39, 0, 4, 169, 9, 0, 0, 1, 0, 0, 71, 88, 4, 4, 4, 4, 9, 4, 28, 0, 0, 10, 3, 0, 2, 6, 4, 65, 6, 0, 0, 169, 52, 0, 2, 169, 60, 4, 1, 5, 2, 0, 8, 66, 28, 63, 36, 1, 0, 0, 1, 0, 1, 86, 26, 0, 0, 1, 1, 38, 0, 0, 2, 141, 43, 1, 12, 169, 16, 6, 3, 8, 4, 2, 43, 28, 12, 32, 36, 1, 1, 23, 16, 2, 3, 27, 9, 0, 0, 29, 43;
  100, 10, 0, 0, 18, 4, 0, 1, 194, 3, 0, 0, 0, 0, 0, 12, 76, 2, 5, 3, 5, 4, 1, 4, 0, 1, 23, 6, 3, 12, 2, 0, 127, 16, 0, 0, 44, 7, 0, 0, 194, 12, 0, 0, 0, 0, 1, 13, 88, 1, 0, 0, 4, 14, 5, 10, 0, 0, 0, 1, 8, 17, 3, 0, 122, 8, 0, 0, 65, 12, 0, 7, 194, 22, 0, 0, 0, 0, 0, 46, 88, 10, 4, 5, 5, 7, 1, 9, 0, 0, 0, 1, 9, 15, 1, 0, 123, 1, 0, 0, 72, 12, 0, 23, 194, 1, 0, 0, 1, 1, 1, 120, 30, 1, 2, 1, 3, 8, 4, 19, 0, 0, 2, 0, 0, 5, 8, 2;
  1, 1, 1, 3, 0, 0, 0, 1, 37, 13, 11, 17, 0, 0, 0, 0, 210, 19, 3, 1, 0, 0, 0, 37, 87, 0, 0, 7, 1, 0, 8, 29, 1, 1, 0, 11, 13, 1, 0, 0, 68, 25, 16, 68, 49, 8, 1, 4, 210, 47, 9, 9, 2, 1, 1, 20, 104, 4, 3, 76, 13, 0, 1, 8, 0, 1, 1, 3, 13, 6, 0, 0, 65, 2, 0, 7, 46, 52, 20, 36, 210, 33, 2, 5, 4, 5, 8, 59, 75, 16, 3, 48, 39, 5, 8, 16, 1, 1, 1, 0, 1, 1, 0, 0, 36, 4, 0, 0, 1, 6, 6, 9, 210, 73, 0, 0, 0, 0, 1, 9, 81, 22, 0, 1, 5, 3, 8, 25;
  2, 19, 4, 0, 4, 134, 39, 0, 109, 131, 3, 0, 4, 36, 3, 1, 142, 55, 0, 0, 0, 0, 13, 29, 3, 0, 0, 0, 0, 2, 49, 14, 0, 2, 32, 19, 44, 110, 5, 0, 109, 49, 3, 3, 72, 112, 2, 3, 147, 76, 0, 0, 1, 3, 8, 32, 27, 0, 0, 0, 0, 5, 63, 22, 23, 37, 97, 15, 10, 4, 0, 4, 71, 12, 11, 5, 44, 60, 16, 40, 147, 5, 0, 0, 1, 8, 8, 105, 45, 0, 0, 1, 1, 3, 14, 17, 52, 35, 2, 0, 0, 0, 2, 47, 64, 3, 0, 0, 0, 4, 15, 86, 147, 5, 0, 0, 0, 1, 3, 65, 26, 3, 2, 6, 0, 0, 0, 3;
  33, 91, 27, 0, 0, 0, 0, 2, 37, 57, 55, 13, 4, 13, 15, 33, 0, 3, 58, 59, 39, 41, 10, 4, 26, 35, 73, 11, 4, 2, 1, 3, 100, 22, 2, 0, 0, 0, 12, 38, 141, 6, 0, 0, 2, 46, 38, 112, 18, 1, 1, 3, 36, 141, 86, 20, 14, 16, 3, 2, 5, 67, 131, 65, 58, 4, 0, 3, 6, 8, 50, 41, 141, 80, 2, 1, 0, 7, 4, 22, 51, 39, 12, 33, 36, 117, 35, 5, 7, 17, 9, 19, 16, 49, 88, 39, 13, 17, 9, 30, 13, 4, 3, 1, 75, 141, 29, 0, 0, 0, 0, 0, 20, 104, 87, 43, 13, 1, 2, 7, 6, 45, 19, 30, 11, 14, 10, 5;
  8, 103, 118, 18, 6, 0, 0, 0, 48, 68, 23, 7, 17, 10, 22, 14, 6, 3, 5, 7, 49, 52, 69, 18, 0, 1, 41, 36, 95, 32, 2, 0, 63, 52, 17, 18, 19, 9, 8, 18, 132, 71, 8, 13, 1, 0, 7, 37, 27, 4, 9, 132, 84, 16, 17, 13, 0, 0, 1, 98, 132, 14, 1, 0, 38, 6, 1, 1, 5, 59, 47, 39, 132, 58, 93, 76, 2, 2, 2, 33, 7, 10, 99, 132, 6, 0, 0, 0, 8, 22, 19, 69, 10, 2, 9, 8, 1, 2, 2, 2, 40, 104, 22, 1, 2, 9, 41, 70, 66, 18, 1, 1, 0, 11, 44, 87, 17, 2, 0, 0, 11, 84, 17, 3, 1, 1, 1, 2;
  12, 0, 0, 2, 10, 29, 43, 49, 22, 0, 0, 0, 0, 57, 88, 100, 43, 0, 0, 0, 0, 48, 59, 112, 39, 5, 1, 0, 0, 0, 95, 112, 32, 1, 0, 3, 18, 75, 87, 37, 112, 7, 2, 3, 4, 59, 73, 112, 52, 16, 6, 19, 24, 112, 93, 64, 68, 90, 34, 9, 3, 1, 6, 51, 39, 5, 1, 42, 73, 27, 15, 14, 112, 47, 28, 29, 7, 5, 9, 26, 9, 12, 24, 99, 37, 17, 20, 63, 21, 23, 8, 8, 8, 8, 16, 108, 4, 0, 0, 6, 12, 24, 85, 20, 13, 5, 6, 4, 0, 1, 73, 65, 1, 0, 3, 7, 1, 0, 48, 112, 11, 0, 0, 0, 0, 3, 14, 83;
  2, 22, 19, 23, 62, 33, 56, 5, 5, 34, 68, 30, 46, 7, 16, 9, 1, 89, 94, 0, 0, 1, 7, 1, 12, 89, 30, 0, 0, 0, 0, 0, 15, 80, 117, 50, 24, 0, 0, 0, 93, 30, 52, 35, 31, 15, 59, 37, 7, 46, 32, 30, 18, 67, 75, 11, 4, 117, 29, 8, 4, 7, 2, 0, 111, 62, 94, 2, 0, 0, 0, 4, 117, 78, 117, 32, 1, 2, 3, 13, 9, 11, 112, 117, 17, 15, 18, 12, 23, 65, 41, 29, 3, 2, 25, 17, 40, 44, 44, 2, 2, 1, 2, 3, 46, 81, 117, 7, 0, 0, 0, 3, 106, 36, 31, 15, 1, 0, 23, 40, 24, 3, 1, 2, 2, 13, 65, 33;
  16, 3, 1, 1, 3, 17, 35, 16, 89, 20, 6, 1, 0, 5, 12, 29, 16, 14, 49, 36, 3, 23, 34, 6, 0, 0, 67, 54, 1, 4, 63, 11, 36, 27, 47, 7, 5, 5, 1, 10, 142, 10, 4, 1, 1, 14, 74, 119, 15, 3, 15, 13, 3, 71, 142, 52, 11, 1, 8, 10, 1, 4, 142, 74, 136, 44, 24, 0, 0, 0, 0, 14, 142, 52, 0, 0, 0, 5, 8, 29, 79, 23, 0, 0, 13, 83, 34, 18, 48, 21, 0, 2, 4, 16, 21, 19, 142, 8, 0, 0, 0, 0, 0, 20, 142, 102, 0, 0, 0, 0, 0, 6, 107, 70, 0, 0, 13, 26, 0, 0, 19, 14, 0, 1, 16, 24, 0, 1;
  53, 8, 0, 0, 124, 45, 0, 1, 170, 30, 0, 0, 15, 6, 0, 2, 81, 7, 1, 9, 10, 11, 1, 2, 0, 0, 1, 11, 10, 18, 4, 0, 57, 11, 0, 1, 138, 46, 0, 3, 170, 20, 1, 0, 36, 16, 1, 24, 120, 7, 12, 5, 2, 18, 3, 8, 0, 0, 13, 8, 2, 26, 13, 0, 45, 6, 0, 1, 85, 39, 3, 19, 170, 46, 7, 0, 37, 22, 3, 40, 70, 37, 67, 12, 0, 1, 10, 31, 0, 1, 37, 14, 1, 1, 26, 26, 13, 13, 45, 18, 26, 9, 3, 17, 162, 48, 25, 4, 14, 6, 3, 82, 31, 21, 103, 11, 0, 0, 17, 61, 0, 0, 116, 38, 0, 0, 15, 17;
  24, 5, 3, 6, 6, 2, 1, 6, 202, 15, 5, 4, 1, 1, 1, 69, 81, 5, 11, 12, 1, 0, 5, 18, 0, 0, 0, 0, 0, 0, 0, 0, 64, 5, 1, 2, 23, 22, 1, 15, 202, 9, 1, 3, 1, 1, 4, 76, 66, 3, 6, 35, 5, 3, 24, 22, 0, 0, 2, 7, 1, 0, 1, 0, 79, 18, 2, 3, 94, 62, 0, 0, 202, 45, 2, 6, 2, 1, 1, 4, 67, 10, 6, 56, 17, 13, 25, 4, 0, 0, 2, 11, 5, 4, 13, 1, 45, 10, 3, 3, 110, 106, 0, 0, 202, 75, 0, 0, 8, 9, 1, 2, 73, 15, 1, 6, 19, 13, 11, 3, 0, 0, 1, 9, 15, 10, 6, 0;
  2, 20, 111, 102, 1, 0, 0, 0, 6, 7, 108, 118, 2, 0, 4, 16, 4, 81, 101, 7, 1, 4, 18, 16, 3, 118, 52, 1, 1, 1, 1, 0, 26, 14, 84, 118, 1, 0, 0, 1, 118, 21, 37, 24, 2, 1, 11, 84, 15, 8, 8, 53, 69, 18, 36, 44, 13, 113, 30, 29, 16, 2, 1, 1, 67, 31, 13, 64, 15, 0, 0, 0, 118, 93, 10, 13, 4, 0, 0, 9, 16, 19, 13, 103, 109, 3, 2, 5, 40, 28, 10, 22, 27, 3, 4, 44, 36, 24, 1, 5, 32, 15, 0, 0, 103, 118, 18, 10, 1, 0, 0, 0, 5, 26, 43, 95, 19, 1, 0, 1, 13, 49, 49, 13, 4, 1, 1, 12;
  5, 8, 3, 3, 13, 12, 29, 29, 16, 1, 1, 3, 9, 25, 81, 49, 53, 2, 0, 0, 2, 51, 42, 89, 2, 1, 0, 0, 35, 122, 17, 4, 19, 1, 0, 3, 8, 5, 37, 117, 20, 8, 3, 30, 81, 41, 54, 23, 122, 26, 3, 7, 10, 19, 13, 36, 26, 3, 1, 10, 122, 122, 13, 13, 13, 1, 0, 1, 4, 7, 26, 74, 8, 1, 0, 7, 35, 120, 88, 25, 112, 20, 13, 13, 5, 38, 52, 38, 19, 11, 17, 70, 68, 14, 20, 31, 15, 1, 0, 0, 0, 0, 63, 108, 3, 0, 0, 0, 0, 59, 122, 44, 2, 1, 3, 3, 1, 108, 122, 3, 2, 1, 3, 8, 5, 25, 122, 43;
  94, 45, 6, 0, 0, 0, 0, 12, 40, 2, 0, 0, 0, 0, 5, 35, 0, 0, 0, 0, 0, 0, 6, 6, 0, 0, 0, 0, 0, 0, 0, 0, 141, 71, 4, 0, 0, 0, 31, 72, 141, 20, 1, 0, 0, 1, 50, 141, 8, 4, 4, 7, 20, 56, 103, 40, 0, 0, 0, 2, 26, 24, 2, 0, 129, 5, 0, 0, 0, 0, 57, 141, 141, 65, 17, 3, 1, 4, 16, 113, 15, 27, 69, 87, 35, 27, 15, 8, 0, 0, 7, 37, 35, 12, 0, 0, 67, 3, 0, 0, 0, 0, 8, 141, 25, 4, 3, 2, 13, 50, 65, 141, 1, 1, 10, 20, 43, 88, 8, 2, 0, 0, 2, 7, 3, 6, 0, 0;
  0, 0, 1, 4, 5, 4, 16, 5, 4, 6, 13, 4, 0, 0, 3, 6, 15, 6, 2, 0, 0, 0, 0, 4, 1, 0, 0, 0, 0, 0, 0, 1, 0, 0, 11, 68, 43, 12, 13, 1, 20, 49, 97, 59, 6, 1, 27, 18, 136, 82, 15, 0, 0, 0, 10, 54, 57, 1, 0, 0, 0, 2, 28, 66, 7, 0, 1, 31, 136, 16, 8, 22, 61, 7, 7, 13, 10, 4, 116, 136, 136, 18, 1, 0, 0, 0, 88, 136, 136, 26, 14, 7, 3, 12, 46, 91, 36, 1, 2, 37, 59, 4, 2, 30, 106, 2, 0, 0, 1, 1, 9, 136, 64, 3, 0, 0, 1, 3, 47, 136, 35, 15, 16, 11, 20, 36, 31, 57;
  0, 1, 0, 0, 0, 0, 0, 0, 11, 47, 27, 0, 0, 0, 0, 0, 83, 115, 77, 6, 3, 2, 5, 23, 14, 27, 41, 23, 41, 19, 18, 17, 0, 5, 8, 7, 3, 0, 0, 0, 13, 77, 131, 58, 14, 0, 0, 0, 99, 131, 131, 7, 0, 0, 0, 6, 116, 131, 58, 4, 1, 0, 5, 12, 11, 4, 1, 7, 22, 7, 1, 2, 50, 14, 18, 47, 99, 49, 5, 5, 131, 131, 41, 4, 3, 5, 3, 11, 75, 131, 44, 0, 0, 0, 0, 1, 14, 0, 0, 0, 3, 10, 10, 16, 8, 2, 0, 0, 15, 92, 63, 15, 16, 57, 9, 0, 1, 51, 85, 6, 8, 113, 48, 1, 2, 15, 6, 1;
  62, 132, 25, 3, 0, 0, 0, 15, 56, 97, 23, 22, 21, 15, 22, 40, 1, 1, 2, 20, 35, 25, 21, 2, 0, 0, 0, 0, 0, 0, 1, 0, 132, 114, 17, 6, 3, 2, 1, 80, 132, 113, 18, 7, 3, 8, 22, 54, 23, 7, 21, 20, 9, 49, 84, 20, 0, 0, 3, 3, 0, 2, 7, 0, 115, 96, 2, 0, 8, 27, 4, 8, 132, 132, 66, 4, 0, 1, 5, 14, 13, 31, 132, 59, 4, 11, 27, 6, 0, 0, 42, 23, 1, 5, 9, 0, 40, 45, 2, 15, 53, 18, 0, 0, 132, 78, 9, 0, 0, 0, 20, 48, 16, 5, 30, 7, 1, 21, 116, 30, 0, 0, 6, 5, 1, 17, 29, 0]